255 255 255 255 255 255 255 255 255 255 255 255 255 255 255 255
255 255 255 255 255 255 255 255 255 255 255 255 255 255 255 255
255 255   0   0   0   0   0   0   0   0   0   0   0   0 255 255
255 255   0   0   0   0 255   0 228   0   0   0   0   0 255 255
255 255   0   0   0 255   0   0  26   0 255   0   0   0 255 255
255 255   0   0 255 255 255 255 228   0 255 255   0   0 255 255
255 255   0   0 255   0 255   0   0 255 255  99 255   0 255 255
255 255   0 255 255 255 255   0 228 255 255  99   0   0 255 255
255 255   0   0 228 255   0  26  23  26   0 238 228   0 255 255
255 255   0   0 255   0 255 255   0   0   0 156 255   0 255 255
255 255   0   0 255 255   0   0 228   0 255 255   0   0 255 255
255 255   0   0   0 255 255 255   0 156 255 156   0   0 255 255
255 255   0   0   0   0   0   0 255   0 255  99   0   0 255 255
255 255   0   0   0   0   0   0   0   0   0   0   0   0 255 255
255 255 255 255 255 255 255 255 255 255 255 255 255 255 255 255
255 255 255 255 255 255 255 255 255 255 255 255 255 255 255 255
255 255 255 255 255 255 255 255 255 255 255 255 255 255 255 255
255 255 255 255 255 255 255 255 255 255 255 255 255 255 255 255
255 255   0   0   0   0   0   0   0   0   0   0   0   0 255 255
255 255   0   0   0   0 255   0 228   0   0   0   0   0 255 255
255 255   0   0   0 255   0   0  26   0 255   0   0   0 255 255
255 255   0   0 255 255 255 255 228   0 255 255   0   0 255 255
255 255   0   0 255   0 255   0   0 255 255  99 255   0 255 255
255 255   0 255 255 255 255   0 228 255 255  99   0   0 255 255
255 255   0   0 228 255   0  26  23  26   0 238 228   0 255 255
255 255   0   0 255   0 255 255   0   0   0 156 255   0 255 255
255 255   0   0 255 255   0   0 228   0 255 255   0   0 255 255
255 255   0   0   0 255 255 255   0 156 255 156   0   0 255 255
255 255   0   0   0   0   0   0 255   0 255  99   0   0 255 255
255 255   0   0   0   0   0   0   0   0   0   0   0   0 255 255
255 255 255 255 255 255 255 255 255 255 255 255 255 255 255 255
255 255 255 255 255 255 255 255 255 255 255 255 255 255 255 255
255 255 255 255 255 255 255 255 255 255 255 255 255 255 255 255
255 255 255 255 255 255 255 255 255 255 255 255 255 255 255 255
255 255   0   0   0   0   0   0   0   0   0   0   0   0 255 255
255 255   0   0   0   0 255   0 228   0   0   0   0   0 255 255
255 255   0   0   0 255   0   0  26   0 255   0   0   0 255 255
255 255   0   0 255 255 255 255 228   0 255 255   0   0 255 255
255 255   0   0 255   0 255   0   0 255 255  99 255   0 255 255
255 255   0 255 255 255 255   0 228 255 255  99   0   0 255 255
255 255   0   0 228 255   0  26  23  26   0 238 228   0 255 255
255 255   0   0 255   0 255 255   0   0   0 156 255   0 255 255
255 255   0   0 255 255   0   0 228   0 255 255   0   0 255 255
255 255   0   0   0 255 255 255   0 156 255 156   0   0 255 255
255 255   0   0   0   0   0   0 255   0 255  99   0   0 255 255
255 255   0   0   0   0   0   0   0   0   0   0   0   0 255 255
255 255 255 255 255 255 255 255 255 255 255 255 255 255 255 255
255 255 255 255 255 255 255 255 255 255 255 255 255 255 255 255

255 255 255 255 255 255 255 255 255 255 255 255 255 255 255 255
255 214 153 153 153 153 153 153 153 153 153 153 153 153 214 255
255 153  24  79  79  79  79  79  79  79  79  79  79  24 153 255
255 153  79 167 160 143 233 137 147 228 168 140 195  79 153 255
255 153  79 159  46 118 122 160 164 142 190 146 210  79 153 255
255 153  79 132 103  97 179 156  99 111 112 163 214  79 153 255
255 153  79 190 134 154 126 151  89  51  94 128 147  79 153 255
255 153  79 150 153 123  84 171 106  95 113  86 221  79 153 255
255 153  79 134  50 107 128 121 108 136  79 174 132  79 153 255
255 153  79 223 170 164 113 133 143 131 149 180 164  79 153 255
255 153  79 137 116 105 124 108 181 164  97 118 143  79 153 255
255 153  79 159  34 116 201 157 152 180 103  46 160  79 153 255
255 153  79 162 159 137 190 181 162 193 132 159 167  79 153 255
255 153  24  79  79  79  79  79  79  79  79  79  79  24 153 255
255 214 153 153 153 153 153 153 153 153 153 153 153 153 214 255
255 255 255 255 255 255 255 255 255 255 255 255 255 255 255 255
255 255 255 255 255 255 255 255 255 255 255 255 255 255 255 255
255 214 153 153 153 153 153 153 153 153 153 153 153 153 214 255
255 153  24  79  79  79  79  79  79  79  79  79  79  24 153 255
255 153  79 167 160 143 233 137 147 228 168 140 195  79 153 255
255 153  79 159  46 118 122 160 164 142 190 146 210  79 153 255
255 153  79 132 103  97 179 156  99 111 112 163 214  79 153 255
255 153  79 190 134 154 126 151  89  51  94 128 147  79 153 255
255 153  79 150 153 123  84 171 106  95 113  86 221  79 153 255
255 153  79 134  50 107 128 121 108 136  79 174 132  79 153 255
255 153  79 223 170 164 113 133 143 131 149 180 164  79 153 255
255 153  79 137 116 105 124 108 181 164  97 118 143  79 153 255
255 153  79 159  34 116 201 157 152 180 103  46 160  79 153 255
255 153  79 162 159 137 190 181 162 193 132 159 167  79 153 255
255 153  24  79  79  79  79  79  79  79  79  79  79  24 153 255
255 214 153 153 153 153 153 153 153 153 153 153 153 153 214 255
255 255 255 255 255 255 255 255 255 255 255 255 255 255 255 255
255 255 255 255 255 255 255 255 255 255 255 255 255 255 255 255
255 214 153 153 153 153 153 153 153 153 153 153 153 153 214 255
255 153  24  79  79  79  79  79  79  79  79  79  79  24 153 255
255 153  79 167 160 143 233 137 147 228 168 140 195  79 153 255
255 153  79 159  46 118 122 160 164 142 190 146 210  79 153 255
255 153  79 132 103  97 179 156  99 111 112 163 214  79 153 255
255 153  79 190 134 154 126 151  89  51  94 128 147  79 153 255
255 153  79 150 153 123  84 171 106  95 113  86 221  79 153 255
255 153  79 134  50 107 128 121 108 136  79 174 132  79 153 255
255 153  79 223 170 164 113 133 143 131 149 180 164  79 153 255
255 153  79 137 116 105 124 108 181 164  97 118 143  79 153 255
255 153  79 159  34 116 201 157 152 180 103  46 160  79 153 255
255 153  79 162 159 137 190 181 162 193 132 159 167  79 153 255
255 153  24  79  79  79  79  79  79  79  79  79  79  24 153 255
255 214 153 153 153 153 153 153 153 153 153 153 153 153 214 255
255 255 255 255 255 255 255 255 255 255 255 255 255 255 255 255

255 255 255 255 255 255 255 255 255 255 255 255 255 255 255 255
255 214 153 153 153 153 153 153 153 153 153 153 153 153 214 255
255 153  24  79  79  79  79  79  79  79  79  79  79  24 153 255
255 153  79 195 210 214 147 221 132 164 143 160 167  79 153 255
255 153  79 140 146 163 128  86 174 180 118  46 159  79 153 255
255 153  79 168 190 112  94 113  79 149  97 103 132  79 153 255
255 153  79 228 142 111  51  95 136 131 164 180 193  79 153 255
255 153  79 147 164  99  89 106 108 143 181 152 162  79 153 255
255 153  79 137 160 156 151 171 121 133 108 157 181  79 153 255
255 153  79 233 122 179 126  84 128 113 124 201 190  79 153 255
255 153  79 143 118  97 154 123 107 164 105 116 137  79 153 255
255 153  79 160  46 103 134 153  50 170 116  34 159  79 153 255
255 153  79 167 159 132 190 150 134 223 137 159 162  79 153 255
255 153  24  79  79  79  79  79  79  79  79  79  79  24 153 255
255 214 153 153 153 153 153 153 153 153 153 153 153 153 214 255
255 255 255 255 255 255 255 255 255 255 255 255 255 255 255 255
255 255 255 255 255 255 255 255 255 255 255 255 255 255 255 255
255 214 153 153 153 153 153 153 153 153 153 153 153 153 214 255
255 153  24  79  79  79  79  79  79  79  79  79  79  24 153 255
255 153  79 195 210 214 147 221 132 164 143 160 167  79 153 255
255 153  79 140 146 163 128  86 174 180 118  46 159  79 153 255
255 153  79 168 190 112  94 113  79 149  97 103 132  79 153 255
255 153  79 228 142 111  51  95 136 131 164 180 193  79 153 255
255 153  79 147 164  99  89 106 108 143 181 152 162  79 153 255
255 153  79 137 160 156 151 171 121 133 108 157 181  79 153 255
255 153  79 233 122 179 126  84 128 113 124 201 190  79 153 255
255 153  79 143 118  97 154 123 107 164 105 116 137  79 153 255
255 153  79 160  46 103 134 153  50 170 116  34 159  79 153 255
255 153  79 167 159 132 190 150 134 223 137 159 162  79 153 255
255 153  24  79  79  79  79  79  79  79  79  79  79  24 153 255
255 214 153 153 153 153 153 153 153 153 153 153 153 153 214 255
255 255 255 255 255 255 255 255 255 255 255 255 255 255 255 255
255 255 255 255 255 255 255 255 255 255 255 255 255 255 255 255
255 214 153 153 153 153 153 153 153 153 153 153 153 153 214 255
255 153  24  79  79  79  79  79  79  79  79  79  79  24 153 255
255 153  79 195 210 214 147 221 132 164 143 160 167  79 153 255
255 153  79 140 146 163 128  86 174 180 118  46 159  79 153 255
255 153  79 168 190 112  94 113  79 149  97 103 132  79 153 255
255 153  79 228 142 111  51  95 136 131 164 180 193  79 153 255
255 153  79 147 164  99  89 106 108 143 181 152 162  79 153 255
255 153  79 137 160 156 151 171 121 133 108 157 181  79 153 255
255 153  79 233 122 179 126  84 128 113 124 201 190  79 153 255
255 153  79 143 118  97 154 123 107 164 105 116 137  79 153 255
255 153  79 160  46 103 134 153  50 170 116  34 159  79 153 255
255 153  79 167 159 132 190 150 134 223 137 159 162  79 153 255
255 153  24  79  79  79  79  79  79  79  79  79  79  24 153 255
255 214 153 153 153 153 153 153 153 153 153 153 153 153 214 255
255 255 255 255 255 255 255 255 255 255 255 255 255 255 255 255

255 255 255 255 255 255 255 255 255 255 255 255 255 255 255 255
255 214 153 153 153 153 153 153 153 153 153 153 153 153 214 255
255 153  24  79  79  79  79  79  79  79  79  79  79  24 153 255
255 153  79 167 159 132 193 162 181 190 137 159 162  79 153 255
255 153  79 160  46 103 180 152 157 201 116  34 159  79 153 255
255 153  79 143 118  97 164 181 108 124 105 116 137  79 153 255
255 153  79 164 180 149 131 143 133 113 164 170 223  79 153 255
255 153  79 132 174  79 136 108 121 128 107  50 134  79 153 255
255 153  79 221  86 113  95 106 171  84 123 153 150  79 153 255
255 153  79 147 128  94  51  89 151 126 154 134 190  79 153 255
255 153  79 214 163 112 111  99 156 179  97 103 132  79 153 255
255 153  79 210 146 190 142 164 160 122 118  46 159  79 153 255
255 153  79 195 140 168 228 147 137 233 143 160 167  79 153 255
255 153  24  79  79  79  79  79  79  79  79  79  79  24 153 255
255 214 153 153 153 153 153 153 153 153 153 153 153 153 214 255
255 255 255 255 255 255 255 255 255 255 255 255 255 255 255 255
255 255 255 255 255 255 255 255 255 255 255 255 255 255 255 255
255 214 153 153 153 153 153 153 153 153 153 153 153 153 214 255
255 153  24  79  79  79  79  79  79  79  79  79  79  24 153 255
255 153  79 167 159 132 193 162 181 190 137 159 162  79 153 255
255 153  79 160  46 103 180 152 157 201 116  34 159  79 153 255
255 153  79 143 118  97 164 181 108 124 105 116 137  79 153 255
255 153  79 164 180 149 131 143 133 113 164 170 223  79 153 255
255 153  79 132 174  79 136 108 121 128 107  50 134  79 153 255
255 153  79 221  86 113  95 106 171  84 123 153 150  79 153 255
255 153  79 147 128  94  51  89 151 126 154 134 190  79 153 255
255 153  79 214 163 112 111  99 156 179  97 103 132  79 153 255
255 153  79 210 146 190 142 164 160 122 118  46 159  79 153 255
255 153  79 195 140 168 228 147 137 233 143 160 167  79 153 255
255 153  24  79  79  79  79  79  79  79  79  79  79  24 153 255
255 214 153 153 153 153 153 153 153 153 153 153 153 153 214 255
255 255 255 255 255 255 255 255 255 255 255 255 255 255 255 255
255 255 255 255 255 255 255 255 255 255 255 255 255 255 255 255
255 214 153 153 153 153 153 153 153 153 153 153 153 153 214 255
255 153  24  79  79  79  79  79  79  79  79  79  79  24 153 255
255 153  79 167 159 132 193 162 181 190 137 159 162  79 153 255
255 153  79 160  46 103 180 152 157 201 116  34 159  79 153 255
255 153  79 143 118  97 164 181 108 124 105 116 137  79 153 255
255 153  79 164 180 149 131 143 133 113 164 170 223  79 153 255
255 153  79 132 174  79 136 108 121 128 107  50 134  79 153 255
255 153  79 221  86 113  95 106 171  84 123 153 150  79 153 255
255 153  79 147 128  94  51  89 151 126 154 134 190  79 153 255
255 153  79 214 163 112 111  99 156 179  97 103 132  79 153 255
255 153  79 210 146 190 142 164 160 122 118  46 159  79 153 255
255 153  79 195 140 168 228 147 137 233 143 160 167  79 153 255
255 153  24  79  79  79  79  79  79  79  79  79  79  24 153 255
255 214 153 153 153 153 153 153 153 153 153 153 153 153 214 255
255 255 255 255 255 255 255 255 255 255 255 255 255 255 255 255
